8918.72792206 8918.72792206 8918.72792206 8918.72792206 2699.16652224 2702.8944443 2699.16652224 2702.8944443 11524.90189215 10408.80972109 11524.90189215 10408.80972109 6456.0 7482.0 6456.0 7482.0 5398.62801749 5775.88719294 5398.62801749 5775.88719294 8989.51968508 8492.48728669 8989.51968508 8492.48728669 6690.0 7712.0 6690.0 7712.0 
1264.22782757 144.12494579 0.0 1256.0 1591.90660709 1404.15065191 1206.13299959 1268.17281179 1113.49539739 1110.77990619 174.14074767 998.28102256 838.22250673 846.30794685 678.251327 1402.46553507 1921.88025794 1923.85471111 1045.75540896 1456.26405573 2823.26303485 2823.13877649 3021.61418033 2718.8430596 2996.89078127 2998.2156648 2822.72999911 1953.5033953 
144.0 1258.26706227 1256.0 0.0 576.40697428 534.0 188.30825792 174.0 662.72585632 665.52416143 1261.06185415 323.73600356 1323.5916133 1331.67705343 1179.01243885 573.0 1361.00036738 1363.00036684 938.72379015 737.0 2268.17697243 2268.05271407 2466.5281179 2163.75699718 2441.80471884 2443.12960238 2267.64393669 1393.00035894 
0.0 1250.0 1264.22782757 144.0 446.30594887 390.0 78.0 30.0 562.0164555 564.81476062 1249.36023628 274.64340516 1287.24694055 1295.33238068 1142.66776611 429.0 1217.00041085 1219.00041017 838.01438933 593.0 2124.3438863 2124.21962794 2322.69503177 2019.92391105 2297.97163271 2299.29651625 2123.81085056 1249.00040032 
1250.0 0.0 144.12494579 1258.26706227 1575.44152702 1338.01249254 1189.66791952 1251.70773171 1048.02746447 1045.39075641 30.01666204 977.46048513 761.73727872 769.82271884 601.76609899 1336.32737571 1932.13154796 1934.10600113 969.27018095 1387.53090785 2833.51432487 2833.39006651 3031.86547034 2729.09434962 3007.14207129 3008.46695482 2832.98128913 1963.75468532 
78.0 1189.66791952 1206.13299959 188.30825792 388.10436741 367.12940498 0.0 72.0 498.45558385 501.25388896 1188.69360793 213.2396139 1225.64766775 1233.73310788 1081.0684933 405.44420085 1189.12152449 1191.11796225 774.45351768 567.58523589 2093.01903202 2092.89477366 2291.3701775 1988.59905678 2266.64677844 2267.97166197 2092.48599629 1221.06592779 
30.0 1251.70773171 1268.17281179 174.0 420.34390682 360.0 72.0 0.0 561.23224872 564.03055383 1250.73342013 275.2794261 1287.68747995 1295.77292007 1143.1083055 399.0 1187.00042123 1189.00042052 837.23018255 563.0 2094.38423599 2094.25997763 2292.73538147 1989.96426075 2268.01198241 2269.33686594 2093.85120026 1219.00041017 
446.30594887 1575.44152702 1591.90660709 576.40697428 0.0 217.0 388.10436741 420.34390682 728.23442594 730.68885209 1574.46721544 599.01322141 1188.35560497 1187.86788786 1124.60560733 220.47675614 857.41570399 859.39015716 602.40617439 297.14979388 1758.7984809 1758.67422254 1957.14962637 1654.37850565 1932.42622731 1933.75111085 1758.26544516 889.03884135 
390.0 1338.01249254 1404.15065191 534.0 217.0 0.0 367.12940498 360.0 291.05410927 293.85241438 1330.70617679 580.36345419 1110.44225424 1112.37808321 1014.90494178 39.0 827.00060459 829.00060314 553.56481102 203.0 1735.12868075 1735.00442239 1933.47982623 1630.70870551 1908.75642717 1910.0813107 1734.59564502 859.00058207 
1249.36023628 30.01666204 174.14074767 1261.06185415 1574.46721544 1330.70617679 1188.69360793 1250.73342013 1040.72114871 1038.08444065 0.0 976.0 754.43096296 762.51640309 594.45978324 1329.02105995 1924.8252322 1926.79968538 961.9638652 1380.22459209 2826.20800911 2826.08375075 3024.55915459 2721.78803387 2999.83575553 3001.16063906 2825.67497338 1956.44836957 
274.64340516 977.46048513 998.28102256 323.73600356 599.01322141 580.36345419 213.2396139 275.2794261 685.01186962 687.81017474 976.0 0.0 1012.8473158 1020.93275593 868.26814136 618.66877022 1402.17745145 1404.17366578 841.36296616 780.76023989 2305.97289766 2305.84863931 2504.32404314 2201.55292242 2479.60064408 2480.92552761 2305.43986193 1434.11835155 
562.0164555 1048.02746447 1113.49539739 662.72585632 728.23442594 291.05410927 498.45558385 561.23224872 0.0 2.82842712 1040.72114871 685.01186962 833.91246543 836.45741075 733.93323947 289.36899243 878.86790029 880.84235346 309.23453882 344.67942514 1780.2506772 1780.12641884 1978.60182268 1675.83070195 1953.87842362 1955.20330715 1779.71764147 910.49103765 
564.81476062 1045.39075641 1110.77990619 665.52416143 730.68885209 293.85241438 501.25388896 564.03055383 2.82842712 0.0 1038.08444065 687.81017474 832.32806032 834.90897707 732.03961641 292.16729754 881.52603639 883.50048957 309.02750687 347.47773026 1782.9088133 1782.78455495 1981.25995878 1678.48883806 1956.53655972 1957.86144325 1782.37577757 913.14917376 
1142.66776611 601.76609899 678.251327 1179.01243885 1124.60560733 1014.90494178 1081.0684933 1143.1083055 733.93323947 732.03961641 594.45978324 868.26814136 160.55738528 168.6428254 0.0 1013.0 1444.58736092 1446.56181409 524.54649376 1026.18955364 2345.97013783 2345.84587947 2544.3212833 2241.55016258 2519.59788425 2520.92276778 2345.43710209 1476.21049828 
429.0 1336.32737571 1402.46553507 573.0 220.47675614 39.0 405.44420085 399.0 289.36899243 292.16729754 1329.02105995 618.66877022 1105.53199863 1107.01851836 1013.0 0.0 788.00063452 790.00063291 540.48219212 164.0 1696.25616433 1696.13190597 1894.6073098 1591.83618908 1869.88391074 1871.20879428 1695.72312859 820.00060976 
1287.24694055 761.73727872 838.22250673 1323.5916133 1188.35560497 1110.44225424 1225.64766775 1287.68747995 833.91246543 832.32806032 754.43096296 1012.8473158 0.0 13.0 160.55738528 1105.53199863 1508.33735855 1510.31181173 588.29649139 1099.88044805 2409.72013546 2409.5958771 2608.07128094 2305.30016021 2583.34788188 2584.67276541 2409.18709973 1539.96049592 
1295.33238068 769.82271884 846.30794685 1331.67705343 1187.86788786 1112.37808321 1233.73310788 1295.77292007 836.45741075 834.90897707 762.51640309 1020.93275593 13.0 0.0 168.6428254 1107.01851836 1507.84964144 1509.82409462 587.80877428 1099.44069797 2409.23241835 2409.10815999 2607.58356383 2304.81244311 2582.86016477 2584.1850483 2408.69938262 1539.47277881 
838.01438933 969.27018095 1045.75540896 938.72379015 602.40617439 553.56481102 774.45351768 837.23018255 309.23453882 309.02750687 961.9638652 841.36296616 588.29649139 587.80877428 524.54649376 540.48219212 892.79637154 894.77082472 0.0 515.0 1794.17914846 1794.0548901 1992.53029393 1689.75917321 1967.80689487 1969.13177841 1793.64611272 924.41950891 
593.0 1387.53090785 1456.26405573 737.0 297.14979388 203.0 567.58523589 563.0 344.67942514 347.47773026 1380.22459209 780.76023989 1099.88044805 1099.44069797 1026.18955364 164.0 624.00080128 626.00079872 515.0 0.0 1532.99998351 1532.87572515 1731.35112899 1428.58000826 1706.62772993 1707.95261346 1532.46694777 656.00076219 
1217.00041085 1932.13154796 1921.88025794 1361.00036738 857.41570399 827.00060459 1189.12152449 1187.00042123 878.86790029 881.52603639 1924.8252322 1402.17745145 1508.33735855 1507.84964144 1444.58736092 788.00063452 0.0 2.0 892.79637154 624.00080128 1014.13869654 1014.01443819 1212.48984202 909.7187213 1187.76644296 1189.08704475 1013.60566081 32.0 
1219.00041017 1934.10600113 1923.85471111 1363.00036684 859.39015716 829.00060314 1191.11796225 1189.00042052 880.84235346 883.50048957 1926.79968538 1404.17366578 1510.31181173 1509.82409462 1446.56181409 790.00063291 2.0 0.0 894.77082472 626.00079872 1013.88929614 1013.76503778 1212.24044161 909.46932089 1187.51168415 1188.81621792 1013.3562604 30.0 
2322.69503177 3031.86547034 3021.61418033 2466.5281179 1957.14962637 1933.47982623 2291.3701775 2292.73538147 1978.60182268 1981.25995878 3024.55915459 2504.32404314 2608.07128094 2607.58356383 2544.3212833 1894.6073098 1212.48984202 1212.24044161 1992.53029393 1731.35112899 413.12395824 416.12291655 0.0 423.0 676.93377011 680.62571214 447.11324116 1210.99878368 
2019.92391105 2729.09434962 2718.8430596 2163.75699718 1654.37850565 1630.70870551 1988.59905678 1989.96426075 1675.83070195 1678.48883806 2721.78803387 2201.55292242 2305.30016021 2304.81244311 2241.55016258 1591.83618908 909.7187213 909.46932089 1689.75917321 1428.58000826 508.65508943 510.9060579 423.0 0.0 756.79414234 760.48608437 534.59704451 908.22766296 
2124.3438863 2833.51432487 2823.26303485 2268.17697243 1758.7984809 1735.12868075 2093.01903202 2094.38423599 1780.2506772 1782.9088133 2826.20800911 2305.97289766 2409.72013546 2409.23241835 2345.97013783 1696.25616433 1014.13869654 1013.88929614 1794.17914846 1532.99998351 0.0 3.0 413.12395824 508.65508943 264.25200059 267.94394263 34.0 1012.6476382 
2124.21962794 2833.39006651 2823.13877649 2268.05271407 1758.67422254 1735.00442239 2092.89477366 2094.25997763 1780.12641884 1782.78455495 2826.08375075 2305.84863931 2409.5958771 2409.10815999 2345.84587947 1696.13190597 1014.01443819 1013.76503778 1794.0548901 1532.87572515 3.0 0.0 416.12291655 510.9060579 261.2629246 264.95486663 31.0 1012.52337984 
2123.81085056 2832.98128913 2822.72999911 2267.64393669 1758.26544516 1734.59564502 2092.48599629 2093.85120026 1779.71764147 1782.37577757 2825.67497338 2305.43986193 2409.18709973 2408.69938262 2345.43710209 1695.72312859 1013.60566081 1013.3562604 1793.64611272 1532.46694777 34.0 31.0 447.11324116 534.59704451 230.43810721 234.13004925 0.0 1012.0 
1249.00040032 1963.75468532 1953.5033953 1393.00035894 889.03884135 859.00058207 1221.06592779 1219.00041017 910.49103765 913.14917376 1956.44836957 1434.11835155 1539.96049592 1539.47277881 1476.21049828 820.00060976 32.0 30.0 924.41950891 656.00076219 1012.6476382 1012.52337984 1210.99878368 908.22766296 1184.09627987 1185.15146711 1012.0 0.0 
2297.97163271 3007.14207129 2996.89078127 2441.80471884 1932.42622731 1908.75642717 2266.64677844 2268.01198241 1953.87842362 1956.53655972 2999.83575553 2479.60064408 2583.34788188 2582.86016477 2519.59788425 1869.88391074 1187.76644296 1187.51168415 1967.80689487 1706.62772993 264.25200059 261.2629246 676.93377011 756.79414234 0.0 10.0 230.43810721 1184.09627987 
2299.29651625 3008.46695482 2998.2156648 2443.12960238 1933.75111085 1910.0813107 2267.97166197 2269.33686594 1955.20330715 1957.86144325 3001.16063906 2480.92552761 2584.67276541 2584.1850483 2520.92276778 1871.20879428 1189.08704475 1188.81621792 1969.13177841 1707.95261346 267.94394263 264.95486663 680.62571214 760.48608437 10.0 0.0 234.13004925 1185.15146711 
